[seminars.jpg]
filters=Comicize=1,100.000000,100.000000,50.877197;enhance=1;autolight=1;autocolor=1;finetune2=1,0.573099,0.235789,0.072982,00000000,0.000000;
moddate=0cc058216dfecf01
width=320
height=320
textactive=0
